frame,TrWisard1,TrWisard2
0,100.0000,100.0000
5,74.8700,74.6656
10,79.3783,70.8464
15,76.6102,73.7569
20,81.0828,88.0121
25,89.2882,96.5171
30,82.3460,85.7666
35,78.6618,69.2163
40,70.0110,61.7500
45,75.4684,63.8274
50,79.9837,69.6353
55,82.4292,69.3953
60,93.7425,72.6440
65,84.9125,70.4389
70,86.3208,74.4669
75,90.7633,80.7052
80,87.7849,68.3936
85,83.1350,82.9555
90,78.4260,65.0331
95,80.3383,83.0776
100,67.2657,66.4909
105,74.9659,59.9689
110,81.2792,66.8032
115,86.6250,91.9641
120,82.1157,78.7439
125,86.5494,73.4524
130,82.1374,65.2666
135,92.1698,79.0654
140,92.3493,73.4745
145,96.4888,69.9139
150,90.2771,67.3565
155,88.6105,84.4237
160,96.0273,81.1959
165,75.0350,69.7059
170,87.3848,81.8890
175,90.7974,74.6466
180,85.7055,65.9998
185,81.4992,67.2131
190,71.5969,73.7211
195,83.4728,71.2391
200,82.1124,62.6676
205,85.4706,84.4694
210,80.7224,59.3622
215,80.7465,63.8446
220,83.6754,63.3672
225,65.1926,63.3761
230,70.2856,59.4127
235,73.1054,66.5181
240,74.2159,64.1763
245,67.9702,69.2765
250,74.6383,64.2622
255,91.6402,60.2808
260,92.5716,62.8452
265,78.6459,57.6488
270,77.3985,46.3686
275,87.8437,44.7294
280,92.8233,57.7210
285,82.8520,71.1755
290,70.9773,71.3796
295,63.9875,62.7580
300,84.4815,71.8762
305,91.0478,87.4138
310,87.6300,81.2099
315,95.2864,82.9420
320,84.6083,81.3677
325,93.7718,77.2128
330,92.6797,60.9829
335,87.2633,61.0114
340,85.1308,60.4995
345,84.6260,62.8437
350,76.6904,71.7191
355,74.8671,68.5513
360,77.3848,70.7018
365,71.7527,64.4759
370,78.5953,60.8545
375,56.9810,57.1892
380,63.9663,51.0482
385,67.5844,61.7418
390,60.1642,57.8345
395,59.4984,44.4457
400,74.9231,51.5845
405,81.0514,54.1849
410,86.5157,56.6092
415,93.0059,92.9759
420,93.4991,92.7650
425,92.4335,79.1538
430,87.4059,90.2094
435,77.3216,91.8752
440,85.2545,89.0447
445,77.7166,80.6648
450,66.6557,83.1879
455,57.7587,79.9324
460,55.8050,88.8999
465,52.8947,72.5054
470,49.5408,60.8320
475,59.1472,69.1518
480,54.8596,65.5932
485,52.1524,67.2501
490,89.5093,96.7602
495,89.1553,91.2851
500,83.4156,86.8222
505,95.1645,71.3716
510,75.5202,71.0257
515,74.5912,70.9355
520,46.7562,68.0700
525,74.0786,68.0372
530,85.4620,64.7266
535,34.9483,44.1254
540,39.4431,35.2830
545,38.4511,67.6451
550,35.3720,66.7513
555,35.8023,44.1621
560,36.6890,62.9891
565,41.2169,61.9519
570,78.7669,75.0225
575,33.1600,49.3708
580,35.9125,53.2027
585,35.1041,53.8580
590,48.7628,72.9150
595,96.8670,65.1438
600,64.7358,51.6202
605,58.6023,92.3664
610,57.8302,70.3065
615,50.1952,78.0887
620,72.9989,67.8269
625,63.5235,79.5132
630,68.8922,74.1772
635,81.4661,73.4817
640,64.0445,81.1033
645,72.7834,56.3756
650,73.7380,72.4689
655,72.0226,49.5360
660,74.5539,53.5185
665,81.1082,43.3659
670,89.0270,68.2351
675,65.4303,58.4769
680,62.9673,38.5870
685,86.9004,67.0834
690,64.2731,63.6300
695,78.8207,63.7611
700,78.8153,58.0782
705,78.3123,75.0657
710,78.3643,65.3995
715,83.7720,60.9555
720,77.0984,62.8974
725,75.6048,64.7873
730,66.7181,68.9118
735,64.8855,68.7665
740,68.0875,69.7514
745,75.3973,63.9864
750,77.2192,59.9045
755,80.3460,78.7942
760,74.4378,59.4417
765,77.9173,64.1971
770,75.3579,54.8475
775,65.2195,56.1547
780,44.4951,59.3129
785,43.7477,66.5517
790,39.7787,62.1926
795,39.9214,83.6010
800,35.6927,49.5454
805,26.3432,51.0589
810,22.7082,48.0922
815,36.0091,58.4838
820,40.8952,70.3435
825,91.7509,55.6720
830,89.5551,66.2064
835,56.6820,58.8785
840,69.6436,86.7425
845,69.5870,81.7925
850,26.3693,94.0490
855,56.8014,79.3068
860,49.4057,57.1569
865,76.0659,54.5379
870,72.9374,46.0509
875,72.8140,56.2096
880,74.9916,60.0658
885,78.0828,57.8115
890,77.1177,63.3416
895,71.5460,77.1442
900,72.3107,62.9263
905,64.8156,68.5999
910,57.3490,82.1953
915,24.3296,62.4559
920,10.6240,59.3366
925,17.3369,53.5386
930,34.9410,50.7239
935,82.0279,75.8809
940,71.4565,61.4267
945,72.1818,58.2392
950,75.0177,71.8461
955,80.3998,63.7333
960,71.3293,58.7530
965,72.3232,55.8887
970,68.6091,56.2100
975,64.1480,59.0572
980,71.1437,52.3695
985,43.8652,58.8363
990,39.2001,61.7121
995,32.9827,64.7468
1000,30.7522,57.6130
1005,29.4197,60.9069
1010,27.3599,59.4044
1015,27.2806,60.9762
1020,38.2191,57.5605
1025,37.7792,67.7641
1030,28.3916,62.1290
1035,33.8197,70.2659
1040,32.6035,61.5524
1045,30.7558,68.8468
1050,39.6469,54.4248
1055,41.5922,59.0857
1060,43.9118,47.9488
1065,28.5742,54.3400
1070,32.2964,58.1064
1075,34.4324,64.6109
1080,13.7772,71.8354
1085,7.0760,81.3503
1090,1.7208,92.1062
1095,3.1385,80.7326
1100,11.6920,84.1755
1105,23.5436,87.3737
1110,21.9250,62.2050
1115,28.3448,50.6452
1120,31.7688,52.1954
1125,35.4488,73.7236
1130,33.9631,26.2266
1135,24.4280,14.9665
1140,21.7736,7.5380
1145,24.8383,1.4721
1150,25.6955,0.5755
1155,38.2024,0.0000
1160,87.6817,0.0000
1165,91.6961,0.0000
1170,71.2148,0.0000
1175,67.4438,2.8333
1180,73.9481,2.0888
1185,70.3835,4.2969
1190,66.1351,22.7323
1195,70.9001,58.0881
1200,62.2360,61.1819
1205,65.5515,63.1293
1210,64.6448,67.4354
1215,60.4268,62.0018
1220,74.8234,64.5718
1225,82.4751,46.5320
1230,75.5881,64.0406
1235,75.9267,62.5234
1240,75.6650,67.4910
1245,68.3745,58.8028
1250,66.5009,71.6238
1255,64.2143,63.7181
1260,78.0951,74.9972
1265,74.2928,73.4927
1270,80.3458,76.8991
1275,71.2983,70.3312
1280,42.7774,29.0537
1285,48.0094,29.1585
1290,22.8377,13.5453
1295,23.2504,17.2268
1300,24.8469,22.9834
1305,27.9036,26.2730
1310,28.0435,27.1218
1315,27.0203,26.2280
1320,27.5780,26.6733
1325,31.5012,30.5292
1330,28.0894,27.5933
1335,30.3915,29.6985
1340,30.3855,29.6985
